,1ADF,2JHF,1MGO,1EE2,1QV6,1A71,1N8K,1N92,1P1R,1YE3,3BTO,1QV7,1KUV,1KUY,1KUX,1L0C,1IB1e,1IB1f,1IB1g,1IB1h,1B6B,1B6Bb,1B73,2DWU,1ZUW,1B74,3IST,2JFU,2GZM,3ISV,3HFR,2JFV,2OHO,1EP0,1PM7,1NXM,2IXK,1WLT,1DZR,1RTV,2B9U,1NZC,1NYW,1CLK,1A0C,1MUW,1BXB,2GLK,1QT1,1XIM,1XLA,1DXI,2GYI,1XYL,1S5N,1XYA,3RUBl,8RUC,2VDI,1UZH,1UWA,1UPMs,1SVDm,1RXOc,1IWAb,1IR1s,1GK8i
1ADF,1.0,0.0387700534759,0.0267379679144,0.0348525469169,0.0254010695187,0.0280748663102,0.0227272727273,0.0254010695187,0.024064171123,0.024064171123,0.0280748663102,0.0280748663102,0.0632530120482,0.0632530120482,0.066265060241,0.0572289156627,0.0530726256983,0.0391061452514,0.0642458100559,0.0642458100559,0.0535714285714,0.0705128205128,0.0376984126984,0.0338345864662,0.0343511450382,0.0474308300395,0.0391791044776,0.0405904059041,0.0337078651685,0.0411985018727,0.046992481203,0.0387453874539,0.0335820895522,0.0601092896175,0.0502512562814,0.0463917525773,0.0461956521739,0.0539772727273,0.0628415300546,0.0407608695652,0.0454545454545,0.0586734693878,0.0567010309278,0.033422459893,0.0307486631016,0.0294117647059,0.0267379679144,0.033422459893,0.0254010695187,0.0267379679144,0.0414438502674,0.0347593582888,0.0360962566845,0.0254010695187,0.0294117647059,0.048128342246,0.033422459893,0.0320855614973,0.0227272727273,0.024064171123,0.0267379679144,0.105691056911,0.12962962963,0.109756097561,0.0724637681159,0.113821138211,0.0714285714286
2JHF,0.0387700534759,1.0,0.0467914438503,0.0361930294906,0.0548128342246,0.024064171123,0.0294117647059,0.0387700534759,0.024064171123,0.024064171123,0.0347593582888,0.0307486631016,0.0481927710843,0.0602409638554,0.0873493975904,0.0692771084337,0.0558659217877,0.0614525139665,0.0530726256983,0.0558659217877,0.0714285714286,0.0865384615385,0.0496031746032,0.046992481203,0.0419847328244,0.0454545454545,0.0391791044776,0.0332103321033,0.0355805243446,0.0505617977528,0.0413533834586,0.0332103321033,0.0410447761194,0.0901639344262,0.0477386934673,0.0515463917526,0.0407608695652,0.0539772727273,0.0655737704918,0.0570652173913,0.0681818181818,0.0459183673469,0.0721649484536,0.0360962566845,0.0267379679144,0.0307486631016,0.0454545454545,0.0427807486631,0.0307486631016,0.0374331550802,0.033422459893,0.0307486631016,0.0320855614973,0.0280748663102,0.0254010695187,0.0294117647059,0.0294117647059,0.0294117647059,0.0227272727273,0.0347593582888,0.0347593582888,0.10162601626,0.0787037037037,0.109756097561,0.0760869565217,0.126016260163,0.103174603175
1MGO,0.0267379679144,0.0467914438503,1.0,0.0321715817694,0.0254010695187,0.0254010695187,0.024064171123,0.0254010695187,0.0227272727273,0.0267379679144,0.0227272727273,0.0320855614973,0.0843373493976,0.0572289156627,0.078313253012,0.0512048192771,0.0530726256983,0.0446927374302,0.0642458100559,0.072625698324,0.0714285714286,0.0705128205128,0.0357142857143,0.0357142857143,0.0381679389313,0.0395256916996,0.0335820895522,0.0369003690037,0.0411985018727,0.0449438202247,0.0357142857143,0.0332103321033,0.0578358208955,0.0546448087432,0.0577889447236,0.0618556701031,0.100543478261,0.0681818181818,0.0737704918033,0.0597826086957,0.0596590909091,0.0459183673469,0.0412371134021,0.0267379679144,0.0360962566845,0.0267379679144,0.0267379679144,0.0360962566845,0.0227272727273,0.0267379679144,0.0280748663102,0.0387700534759,0.0347593582888,0.024064171123,0.0280748663102,0.0280748663102,0.024064171123,0.0347593582888,0.0307486631016,0.0401069518717,0.0267379679144,0.0813008130081,0.138888888889,0.142276422764,0.0797101449275,0.0813008130081,0.103174603175
1EE2,0.0348525469169,0.0361930294906,0.0321715817694,1.0,0.0495978552279,0.0455764075067,0.0415549597855,0.0308310991957,0.0241286863271,0.029490616622,0.0321715817694,0.058981233244,0.0512048192771,0.0813253012048,0.105421686747,0.078313253012,0.0502793296089,0.0586592178771,0.0670391061453,0.122905027933,0.0595238095238,0.0705128205128,0.0535714285714,0.0488721804511,0.0648854961832,0.0731225296443,0.0541044776119,0.0627306273063,0.0505617977528,0.0393258426966,0.0582706766917,0.0387453874539,0.0503731343284,0.0601092896175,0.0678391959799,0.0644329896907,0.0625,0.0653409090909,0.0765027322404,0.0597826086957,0.0710227272727,0.0663265306122,0.0567010309278,0.0348525469169,0.0388739946381,0.0495978552279,0.0482573726542,0.0576407506702,0.0375335120643,0.0402144772118,0.0375335120643,0.0402144772118,0.0495978552279,0.0361930294906,0.0495978552279,0.0482573726542,0.0281501340483,0.0375335120643,0.0268096514745,0.0361930294906,0.0348525469169,0.117886178862,0.166666666667,0.109756097561,0.0688405797101,0.0813008130081,0.126984126984
1QV6,0.0254010695187,0.0548128342246,0.0254010695187,0.0495978552279,1.0,0.0267379679144,0.0227272727273,0.0254010695187,0.0307486631016,0.0227272727273,0.0254010695187,0.0401069518717,0.0542168674699,0.0542168674699,0.0873493975904,0.0632530120482,0.0586592178771,0.0446927374302,0.0502793296089,0.0586592178771,0.0744047619048,0.0608974358974,0.0337301587302,0.031954887218,0.0343511450382,0.0474308300395,0.0522388059701,0.0424354243542,0.0393258426966,0.063670411985,0.0394736842105,0.0461254612546,0.0485074626866,0.0437158469945,0.0527638190955,0.0979381443299,0.0489130434783,0.0568181818182,0.0628415300546,0.0489130434783,0.0596590909091,0.0510204081633,0.0541237113402,0.0267379679144,0.024064171123,0.024064171123,0.0427807486631,0.0254010695187,0.0267379679144,0.0280748663102,0.0267379679144,0.0267379679144,0.0267379679144,0.0267379679144,0.024064171123,0.0307486631016,0.0320855614973,0.033422459893,0.0280748663102,0.024064171123,0.0294117647059,0.0731707317073,0.0925925925926,0.0772357723577,0.0579710144928,0.0772357723577,0.0912698412698
1A71,0.0280748663102,0.024064171123,0.0254010695187,0.0455764075067,0.0267379679144,1.0,0.0294117647059,0.0227272727273,0.0267379679144,0.0294117647059,0.024064171123,0.033422459893,0.0963855421687,0.0692771084337,0.0632530120482,0.0572289156627,0.0558659217877,0.0670391061453,0.0530726256983,0.0530726256983,0.0714285714286,0.0673076923077,0.0257936507937,0.0507518796992,0.0362595419847,0.0335968379447,0.0541044776119,0.0516605166052,0.0393258426966,0.0411985018727,0.0432330827068,0.0313653136531,0.0429104477612,0.0655737704918,0.0603015075377,0.0953608247423,0.0652173913043,0.122159090909,0.101092896175,0.0733695652174,0.0511363636364,0.0714285714286,0.0515463917526,0.024064171123,0.0374331550802,0.033422459893,0.0294117647059,0.0280748663102,0.0227272727273,0.0307486631016,0.0187165775401,0.0294117647059,0.0294117647059,0.0254010695187,0.0374331550802,0.0254010695187,0.0267379679144,0.0294117647059,0.0267379679144,0.0360962566845,0.0320855614973,0.10162601626,0.148148148148,0.130081300813,0.0905797101449,0.0853658536585,0.0873015873016
1N8K,0.0227272727273,0.0294117647059,0.024064171123,0.0415549597855,0.0227272727273,0.0294117647059,1.0,0.0441176470588,0.179144385027,0.0227272727273,0.0227272727273,0.0387700534759,0.0421686746988,0.0512048192771,0.0692771084337,0.0451807228916,0.0530726256983,0.0530726256983,0.0586592178771,0.0642458100559,0.0595238095238,0.0544871794872,0.0297619047619,0.0357142857143,0.0534351145038,0.0533596837945,0.0373134328358,0.0369003690037,0.0299625468165,0.0449438202247,0.0507518796992,0.029520295203,0.0429104477612,0.0491803278689,0.0452261306533,0.0644329896907,0.0679347826087,0.0823863636364,0.068306010929,0.0652173913043,0.0625,0.0433673469388,0.0412371134021,0.0280748663102,0.0294117647059,0.0280748663102,0.0280748663102,0.0280748663102,0.0294117647059,0.024064171123,0.024064171123,0.0294117647059,0.033422459893,0.0320855614973,0.0267379679144,0.0254010695187,0.0267379679144,0.0414438502674,0.0267379679144,0.0307486631016,0.0213903743316,0.10162601626,0.087962962963,0.0731707317073,0.054347826087,0.0731707317073,0.0793650793651
1N92,0.0254010695187,0.0387700534759,0.0254010695187,0.0308310991957,0.0254010695187,0.0227272727273,0.0441176470588,1.0,0.0360962566845,0.033422459893,0.0267379679144,0.057486631016,0.0512048192771,0.0722891566265,0.0572289156627,0.066265060241,0.0558659217877,0.0642458100559,0.0586592178771,0.0698324022346,0.0714285714286,0.0512820512821,0.0654761904762,0.0432330827068,0.0400763358779,0.0415019762846,0.0391791044776,0.0479704797048,0.0355805243446,0.0430711610487,0.046992481203,0.0350553505535,0.0485074626866,0.0546448087432,0.0452261306533,0.0721649484536,0.0679347826087,0.0823863636364,0.0573770491803,0.054347826087,0.0454545454545,0.0484693877551,0.0489690721649,0.0267379679144,0.0254010695187,0.0280748663102,0.0307486631016,0.0454545454545,0.0294117647059,0.0254010695187,0.0307486631016,0.0387700534759,0.033422459893,0.0360962566845,0.033422459893,0.0307486631016,0.0280748663102,0.0280748663102,0.0213903743316,0.0307486631016,0.0320855614973,0.0650406504065,0.0925925925926,0.0772357723577,0.0579710144928,0.0813008130081,0.0912698412698
1P1R,0.024064171123,0.024064171123,0.0227272727273,0.0241286863271,0.0307486631016,0.0267379679144,0.179144385027,0.0360962566845,1.0,0.0307486631016,0.0294117647059,0.0467914438503,0.0963855421687,0.0602409638554,0.0602409638554,0.066265060241,0.0558659217877,0.0446927374302,0.0810055865922,0.0586592178771,0.0625,0.0608974358974,0.0436507936508,0.0394736842105,0.0477099236641,0.0415019762846,0.0391791044776,0.0424354243542,0.0393258426966,0.0543071161049,0.0563909774436,0.0369003690037,0.0335820895522,0.103825136612,0.0502512562814,0.0773195876289,0.0869565217391,0.144886363636,0.0628415300546,0.0597826086957,0.0539772727273,0.0459183673469,0.0824742268041,0.0307486631016,0.0294117647059,0.0280748663102,0.0280748663102,0.0280748663102,0.0294117647059,0.0254010695187,0.024064171123,0.0347593582888,0.0320855614973,0.0213903743316,0.0320855614973,0.0267379679144,0.0294117647059,0.0401069518717,0.0254010695187,0.0267379679144,0.0294117647059,0.0853658536585,0.138888888889,0.109756097561,0.0905797101449,0.0894308943089,0.0912698412698
1YE3,0.024064171123,0.024064171123,0.0267379679144,0.029490616622,0.0227272727273,0.0294117647059,0.0227272727273,0.033422459893,0.0307486631016,1.0,0.0294117647059,0.0387700534759,0.0572289156627,0.0813253012048,0.0542168674699,0.066265060241,0.0558659217877,0.0614525139665,0.072625698324,0.072625698324,0.0595238095238,0.0673076923077,0.031746031746,0.046992481203,0.0381679389313,0.0395256916996,0.0466417910448,0.0405904059041,0.0299625468165,0.0524344569288,0.046992481203,0.049815498155,0.0279850746269,0.0464480874317,0.0552763819095,0.0592783505155,0.054347826087,0.0823863636364,0.068306010929,0.054347826087,0.0596590909091,0.0637755102041,0.0541237113402,0.0307486631016,0.0347593582888,0.0307486631016,0.0360962566845,0.0294117647059,0.0360962566845,0.0360962566845,0.0307486631016,0.033422459893,0.0360962566845,0.0280748663102,0.0307486631016,0.0360962566845,0.0294117647059,0.0320855614973,0.0200534759358,0.0267379679144,0.0307486631016,0.0772357723577,0.0925925925926,0.0813008130081,0.0579710144928,0.121951219512,0.0793650793651
3BTO,0.0280748663102,0.0347593582888,0.0227272727273,0.0321715817694,0.0254010695187,0.024064171123,0.0227272727273,0.0267379679144,0.0294117647059,0.0294117647059,1.0,0.0360962566845,0.0542168674699,0.0632530120482,0.0602409638554,0.066265060241,0.0446927374302,0.0949720670391,0.0530726256983,0.0782122905028,0.0595238095238,0.0673076923077,0.0357142857143,0.0601503759398,0.0381679389313,0.0691699604743,0.0429104477612,0.0387453874539,0.0374531835206,0.0449438202247,0.0375939849624,0.0350553505535,0.0597014925373,0.133879781421,0.0477386934673,0.0618556701031,0.0815217391304,0.0965909090909,0.068306010929,0.100543478261,0.0397727272727,0.0586734693878,0.0721649484536,0.024064171123,0.0254010695187,0.0320855614973,0.0280748663102,0.024064171123,0.0254010695187,0.0320855614973,0.024064171123,0.0254010695187,0.0294117647059,0.0213903743316,0.0254010695187,0.0267379679144,0.0227272727273,0.0294117647059,0.0213903743316,0.0320855614973,0.0360962566845,0.0813008130081,0.0833333333333,0.0853658536585,0.0760869565217,0.134146341463,0.0912698412698
1QV7,0.0280748663102,0.0307486631016,0.0320855614973,0.058981233244,0.0401069518717,0.033422459893,0.0387700534759,0.057486631016,0.0467914438503,0.0387700534759,0.0360962566845,1.0,0.0512048192771,0.0542168674699,0.0602409638554,0.0843373493976,0.0837988826816,0.0446927374302,0.0502793296089,0.0586592178771,0.0565476190476,0.0769230769231,0.0535714285714,0.0601503759398,0.043893129771,0.0553359683794,0.0634328358209,0.0313653136531,0.0468164794007,0.0430711610487,0.0338345864662,0.029520295203,0.0652985074627,0.0765027322404,0.0628140703518,0.0541237113402,0.054347826087,0.0511363636364,0.0655737704918,0.0597826086957,0.0482954545455,0.0357142857143,0.0489690721649,0.0387700534759,0.0374331550802,0.033422459893,0.0374331550802,0.048128342246,0.0280748663102,0.0307486631016,0.0360962566845,0.0320855614973,0.0374331550802,0.0414438502674,0.0414438502674,0.0347593582888,0.0347593582888,0.0534759358289,0.0254010695187,0.033422459893,0.0387700534759,0.0853658536585,0.115740740741,0.121951219512,0.0688405797101,0.121951219512,0.107142857143
1KUV,0.0632530120482,0.0481927710843,0.0843373493976,0.0512048192771,0.0542168674699,0.0963855421687,0.0421686746988,0.0512048192771,0.0963855421687,0.0572289156627,0.0542168674699,0.0512048192771,1.0,0.0572289156627,0.066265060241,0.039156626506,0.0542168674699,0.0512048192771,0.0481927710843,0.0421686746988,0.0602409638554,0.0352564102564,0.0481927710843,0.0572289156627,0.0813253012048,0.0722891566265,0.0602409638554,0.0602409638554,0.0481927710843,0.0542168674699,0.0873493975904,0.0632530120482,0.0572289156627,0.0692771084337,0.0512048192771,0.0542168674699,0.0451807228916,0.0722891566265,0.066265060241,0.0602409638554,0.0481927710843,0.0451807228916,0.0542168674699,0.102409638554,0.0722891566265,0.0813253012048,0.0722891566265,0.102409638554,0.0933734939759,0.111445783133,0.0632530120482,0.0813253012048,0.066265060241,0.0542168674699,0.078313253012,0.0753012048193,0.0542168674699,0.0632530120482,0.0451807228916,0.0481927710843,0.0512048192771,0.0853658536585,0.0833333333333,0.113821138211,0.0978260869565,0.0813008130081,0.0634920634921
1KUY,0.0632530120482,0.0602409638554,0.0572289156627,0.0813253012048,0.0542168674699,0.0692771084337,0.0512048192771,0.0722891566265,0.0602409638554,0.0813253012048,0.0632530120482,0.0542168674699,0.0572289156627,1.0,0.0813253012048,0.0361445783133,0.0602409638554,0.0361445783133,0.0512048192771,0.0512048192771,0.0572289156627,0.0320512820513,0.0722891566265,0.0692771084337,0.0421686746988,0.0753012048193,0.0421686746988,0.0512048192771,0.0632530120482,0.0753012048193,0.066265060241,0.0632530120482,0.078313253012,0.0451807228916,0.0692771084337,0.0903614457831,0.0421686746988,0.066265060241,0.0692771084337,0.0481927710843,0.0421686746988,0.0632530120482,0.0421686746988,0.105421686747,0.111445783133,0.0692771084337,0.0843373493976,0.102409638554,0.0542168674699,0.066265060241,0.0481927710843,0.117469879518,0.114457831325,0.0813253012048,0.0481927710843,0.0843373493976,0.0451807228916,0.0753012048193,0.0602409638554,0.0903614457831,0.0451807228916,0.0609756097561,0.0694444444444,0.0569105691057,0.0579710144928,0.0569105691057,0.0555555555556
1KUX,0.066265060241,0.0873493975904,0.078313253012,0.105421686747,0.0873493975904,0.0632530120482,0.0692771084337,0.0572289156627,0.0602409638554,0.0542168674699,0.0602409638554,0.0602409638554,0.066265060241,0.0813253012048,1.0,0.0632530120482,0.0602409638554,0.0542168674699,0.0512048192771,0.0542168674699,0.0542168674699,0.0512820512821,0.078313253012,0.078313253012,0.0873493975904,0.0813253012048,0.0602409638554,0.0602409638554,0.0542168674699,0.0572289156627,0.0813253012048,0.0602409638554,0.0903614457831,0.0542168674699,0.0572289156627,0.0722891566265,0.0813253012048,0.0692771084337,0.0602409638554,0.0722891566265,0.0421686746988,0.066265060241,0.0542168674699,0.153614457831,0.0903614457831,0.102409638554,0.114457831325,0.105421686747,0.0692771084337,0.0933734939759,0.0421686746988,0.126506024096,0.120481927711,0.0692771084337,0.078313253012,0.120481927711,0.0753012048193,0.0602409638554,0.0451807228916,0.0692771084337,0.0873493975904,0.0731707317073,0.0648148148148,0.0650406504065,0.126811594203,0.0487804878049,0.0515873015873
1L0C,0.0572289156627,0.0692771084337,0.0512048192771,0.078313253012,0.0632530120482,0.0572289156627,0.0451807228916,0.066265060241,0.066265060241,0.066265060241,0.066265060241,0.0843373493976,0.039156626506,0.0361445783133,0.0632530120482,1.0,0.0632530120482,0.0481927710843,0.0361445783133,0.0481927710843,0.0421686746988,0.0384615384615,0.0873493975904,0.0692771084337,0.0512048192771,0.0632530120482,0.0843373493976,0.0512048192771,0.0512048192771,0.066265060241,0.0632530120482,0.0451807228916,0.105421686747,0.066265060241,0.066265060241,0.0632530120482,0.0421686746988,0.0421686746988,0.0753012048193,0.0542168674699,0.0451807228916,0.066265060241,0.0632530120482,0.0963855421687,0.0813253012048,0.0692771084337,0.0692771084337,0.0843373493976,0.0481927710843,0.117469879518,0.0481927710843,0.0451807228916,0.0903614457831,0.078313253012,0.066265060241,0.0963855421687,0.0632530120482,0.0572289156627,0.0451807228916,0.0722891566265,0.0602409638554,0.0487804878049,0.0509259259259,0.0975609756098,0.0615942028986,0.0569105691057,0.0634920634921
1IB1e,0.0530726256983,0.0558659217877,0.0530726256983,0.0502793296089,0.0586592178771,0.0558659217877,0.0530726256983,0.0558659217877,0.0558659217877,0.0558659217877,0.0446927374302,0.0837988826816,0.0542168674699,0.0602409638554,0.0602409638554,0.0632530120482,1.0,0.0837988826816,0.0474860335196,0.0446927374302,0.0714285714286,0.0641025641026,0.0446927374302,0.0949720670391,0.0754189944134,0.0670391061453,0.0754189944134,0.0642458100559,0.0614525139665,0.0586592178771,0.0558659217877,0.0474860335196,0.0837988826816,0.0670391061453,0.0586592178771,0.0558659217877,0.072625698324,0.0568181818182,0.072625698324,0.0586592178771,0.0426136363636,0.0558659217877,0.0558659217877,0.0670391061453,0.0586592178771,0.0642458100559,0.0530726256983,0.072625698324,0.0558659217877,0.0698324022346,0.0558659217877,0.0558659217877,0.0558659217877,0.0670391061453,0.072625698324,0.0586592178771,0.0530726256983,0.072625698324,0.0586592178771,0.0670391061453,0.0614525139665,0.0813008130081,0.0787037037037,0.0691056910569,0.054347826087,0.0772357723577,0.0753968253968
1IB1f,0.0391061452514,0.0614525139665,0.0446927374302,0.0586592178771,0.0446927374302,0.0670391061453,0.0530726256983,0.0642458100559,0.0446927374302,0.0614525139665,0.0949720670391,0.0446927374302,0.0512048192771,0.0361445783133,0.0542168674699,0.0481927710843,0.0837988826816,1.0,0.0474860335196,0.120111731844,0.0654761904762,0.0416666666667,0.0586592178771,0.0502793296089,0.0642458100559,0.0391061452514,0.0586592178771,0.0446927374302,0.0474860335196,0.0502793296089,0.0558659217877,0.0446927374302,0.0558659217877,0.0418994413408,0.0586592178771,0.0502793296089,0.0474860335196,0.0568181818182,0.0558659217877,0.0530726256983,0.0454545454545,0.0446927374302,0.0614525139665,0.0391061452514,0.0614525139665,0.0474860335196,0.0614525139665,0.0502793296089,0.0502793296089,0.0502793296089,0.0586592178771,0.0530726256983,0.0782122905028,0.0474860335196,0.0474860335196,0.0391061452514,0.0446927374302,0.0558659217877,0.0446927374302,0.0586592178771,0.0530726256983,0.0650406504065,0.0740740740741,0.0691056910569,0.054347826087,0.0691056910569,0.0674603174603
1IB1g,0.0642458100559,0.0530726256983,0.0642458100559,0.0670391061453,0.0502793296089,0.0530726256983,0.0586592178771,0.0586592178771,0.0810055865922,0.072625698324,0.0530726256983,0.0502793296089,0.0481927710843,0.0512048192771,0.0512048192771,0.0361445783133,0.0474860335196,0.0474860335196,1.0,0.0418994413408,0.0535714285714,0.0448717948718,0.0474860335196,0.0614525139665,0.0586592178771,0.0698324022346,0.072625698324,0.0502793296089,0.0474860335196,0.0642458100559,0.0474860335196,0.0418994413408,0.0502793296089,0.0698324022346,0.0502793296089,0.0558659217877,0.0614525139665,0.0653409090909,0.0642458100559,0.0446927374302,0.0454545454545,0.0558659217877,0.0586592178771,0.0502793296089,0.0614525139665,0.0698324022346,0.0837988826816,0.0586592178771,0.0502793296089,0.0586592178771,0.0670391061453,0.072625698324,0.0474860335196,0.0614525139665,0.0530726256983,0.0586592178771,0.0586592178771,0.0614525139665,0.0530726256983,0.0670391061453,0.0446927374302,0.0569105691057,0.0740740740741,0.0569105691057,0.0688405797101,0.0609756097561,0.0873015873016
1IB1h,0.0642458100559,0.0558659217877,0.072625698324,0.122905027933,0.0586592178771,0.0530726256983,0.0642458100559,0.0698324022346,0.0586592178771,0.072625698324,0.0782122905028,0.0586592178771,0.0421686746988,0.0512048192771,0.0542168674699,0.0481927710843,0.0446927374302,0.120111731844,0.0418994413408,1.0,0.0654761904762,0.0416666666667,0.0502793296089,0.0670391061453,0.0530726256983,0.0502793296089,0.072625698324,0.0502793296089,0.0530726256983,0.0530726256983,0.0530726256983,0.0642458100559,0.0586592178771,0.0670391061453,0.0474860335196,0.0586592178771,0.0698324022346,0.0738636363636,0.0642458100559,0.0530726256983,0.0454545454545,0.0558659217877,0.0614525139665,0.0558659217877,0.0586592178771,0.0670391061453,0.0698324022346,0.0865921787709,0.0670391061453,0.0921787709497,0.072625698324,0.0586592178771,0.0642458100559,0.072625698324,0.072625698324,0.0586592178771,0.0670391061453,0.0502793296089,0.0502793296089,0.0810055865922,0.0502793296089,0.0731707317073,0.0740740740741,0.0569105691057,0.054347826087,0.0813008130081,0.107142857143
1B6B,0.0535714285714,0.0714285714286,0.0714285714286,0.0595238095238,0.0744047619048,0.0714285714286,0.0595238095238,0.0714285714286,0.0625,0.0595238095238,0.0595238095238,0.0565476190476,0.0602409638554,0.0572289156627,0.0542168674699,0.0421686746988,0.0714285714286,0.0654761904762,0.0535714285714,0.0654761904762,1.0,0.0544871794872,0.0803571428571,0.0714285714286,0.0654761904762,0.0744047619048,0.0863095238095,0.0803571428571,0.0714285714286,0.0714285714286,0.0952380952381,0.0505952380952,0.0714285714286,0.0714285714286,0.0714285714286,0.0714285714286,0.0625,0.0654761904762,0.077380952381,0.0684523809524,0.0505952380952,0.0744047619048,0.0744047619048,0.0595238095238,0.0714285714286,0.0833333333333,0.077380952381,0.0654761904762,0.0684523809524,0.0744047619048,0.077380952381,0.0595238095238,0.0595238095238,0.0744047619048,0.0654761904762,0.0654761904762,0.0535714285714,0.047619047619,0.0535714285714,0.0565476190476,0.0833333333333,0.0894308943089,0.0972222222222,0.0813008130081,0.0615942028986,0.0934959349593,0.0912698412698
1B6Bb,0.0705128205128,0.0865384615385,0.0705128205128,0.0705128205128,0.0608974358974,0.0673076923077,0.0544871794872,0.0512820512821,0.0608974358974,0.0673076923077,0.0673076923077,0.0769230769231,0.0352564102564,0.0320512820513,0.0512820512821,0.0384615384615,0.0641025641026,0.0416666666667,0.0448717948718,0.0416666666667,0.0544871794872,1.0,0.0448717948718,0.0673076923077,0.0608974358974,0.0673076923077,0.0673076923077,0.0544871794872,0.0576923076923,0.0608974358974,0.0608974358974,0.0576923076923,0.0673076923077,0.0512820512821,0.0897435897436,0.0961538461538,0.0512820512821,0.0416666666667,0.0448717948718,0.0384615384615,0.0352564102564,0.0608974358974,0.0865384615385,0.0833333333333,0.0641025641026,0.0705128205128,0.0576923076923,0.112179487179,0.0512820512821,0.0705128205128,0.0641025641026,0.0641025641026,0.0897435897436,0.0673076923077,0.0737179487179,0.0512820512821,0.0544871794872,0.0641025641026,0.0705128205128,0.0833333333333,0.0576923076923,0.0609756097561,0.0787037037037,0.0569105691057,0.0579710144928,0.0528455284553,0.0753968253968
1B73,0.0376984126984,0.0496031746032,0.0357142857143,0.0535714285714,0.0337301587302,0.0257936507937,0.0297619047619,0.0654761904762,0.0436507936508,0.031746031746,0.0357142857143,0.0535714285714,0.0481927710843,0.0722891566265,0.078313253012,0.0873493975904,0.0446927374302,0.0586592178771,0.0474860335196,0.0502793296089,0.0803571428571,0.0448717948718,1.0,0.0654761904762,0.0357142857143,0.0257936507937,0.0436507936508,0.0535714285714,0.0456349206349,0.031746031746,0.0337301587302,0.031746031746,0.0396825396825,0.0573770491803,0.0326633165829,0.0618556701031,0.0380434782609,0.0482954545455,0.0491803278689,0.0434782608696,0.0340909090909,0.0433673469388,0.0541237113402,0.0654761904762,0.0496031746032,0.0416666666667,0.0357142857143,0.0376984126984,0.0456349206349,0.0575396825397,0.0357142857143,0.0376984126984,0.0376984126984,0.0575396825397,0.0376984126984,0.0535714285714,0.0376984126984,0.0515873015873,0.0277777777778,0.0337301587302,0.0575396825397,0.0853658536585,0.0787037037037,0.0853658536585,0.0615942028986,0.121951219512,0.0992063492063
2DWU,0.0338345864662,0.046992481203,0.0357142857143,0.0488721804511,0.031954887218,0.0507518796992,0.0357142857143,0.0432330827068,0.0394736842105,0.046992481203,0.0601503759398,0.0601503759398,0.0572289156627,0.0692771084337,0.078313253012,0.0692771084337,0.0949720670391,0.0502793296089,0.0614525139665,0.0670391061453,0.0714285714286,0.0673076923077,0.0654761904762,1.0,0.0362595419847,0.0592885375494,0.0394736842105,0.0375939849624,0.0375939849624,0.0357142857143,0.031954887218,0.0338345864662,0.0601503759398,0.0765027322404,0.0778894472362,0.0747422680412,0.0489130434783,0.0568181818182,0.0765027322404,0.0570652173913,0.0625,0.0637755102041,0.0644329896907,0.0375939849624,0.062030075188,0.0733082706767,0.0451127819549,0.0545112781955,0.0639097744361,0.0451127819549,0.046992481203,0.0357142857143,0.0545112781955,0.0639097744361,0.0451127819549,0.0432330827068,0.0488721804511,0.0413533834586,0.0338345864662,0.0432330827068,0.0357142857143,0.0772357723577,0.106481481481,0.130081300813,0.0797101449275,0.134146341463,0.0873015873016
1ZUW,0.0343511450382,0.0419847328244,0.0381679389313,0.0648854961832,0.0343511450382,0.0362595419847,0.0534351145038,0.0400763358779,0.0477099236641,0.0381679389313,0.0381679389313,0.043893129771,0.0813253012048,0.0421686746988,0.0873493975904,0.0512048192771,0.0754189944134,0.0642458100559,0.0586592178771,0.0530726256983,0.0654761904762,0.0608974358974,0.0357142857143,0.0362595419847,1.0,0.0415019762846,0.0343511450382,0.0381679389313,0.0419847328244,0.0343511450382,0.0362595419847,0.0362595419847,0.0419847328244,0.0546448087432,0.0477386934673,0.0515463917526,0.0461956521739,0.0681818181818,0.0765027322404,0.0570652173913,0.0511363636364,0.0408163265306,0.0412371134021,0.0515267175573,0.043893129771,0.0477099236641,0.0400763358779,0.0362595419847,0.0324427480916,0.043893129771,0.0362595419847,0.0362595419847,0.0496183206107,0.0629770992366,0.043893129771,0.0419847328244,0.0324427480916,0.043893129771,0.030534351145,0.0343511450382,0.0381679389313,0.0853658536585,0.101851851852,0.109756097561,0.123188405797,0.0975609756098,0.123015873016
1B74,0.0474308300395,0.0454545454545,0.0395256916996,0.0731225296443,0.0474308300395,0.0335968379447,0.0533596837945,0.0415019762846,0.0415019762846,0.0395256916996,0.0691699604743,0.0553359683794,0.0722891566265,0.0753012048193,0.0813253012048,0.0632530120482,0.0670391061453,0.0391061452514,0.0698324022346,0.0502793296089,0.0744047619048,0.0673076923077,0.0257936507937,0.0592885375494,0.0415019762846,1.0,0.0395256916996,0.0415019762846,0.0316205533597,0.0355731225296,0.0454545454545,0.0395256916996,0.0494071146245,0.0546448087432,0.0502512562814,0.0360824742268,0.0434782608696,0.0681818181818,0.0437158469945,0.0733695652174,0.0426136363636,0.0561224489796,0.0386597938144,0.0375494071146,0.0434782608696,0.0395256916996,0.0355731225296,0.0415019762846,0.0553359683794,0.0474308300395,0.0335968379447,0.0454545454545,0.0533596837945,0.0454545454545,0.0494071146245,0.0316205533597,0.0434782608696,0.0513833992095,0.0276679841897,0.0474308300395,0.0335968379447,0.0731707317073,0.125,0.134146341463,0.054347826087,0.0894308943089,0.0793650793651
3IST,0.0391791044776,0.0391791044776,0.0335820895522,0.0541044776119,0.0522388059701,0.0541044776119,0.0373134328358,0.0391791044776,0.0391791044776,0.0466417910448,0.0429104477612,0.0634328358209,0.0602409638554,0.0421686746988,0.0602409638554,0.0843373493976,0.0754189944134,0.0586592178771,0.072625698324,0.072625698324,0.0863095238095,0.0673076923077,0.0436507936508,0.0394736842105,0.0343511450382,0.0395256916996,1.0,0.0522388059701,0.0524344569288,0.0262172284644,0.0432330827068,0.035447761194,0.0634328358209,0.0765027322404,0.0829145728643,0.0670103092784,0.070652173913,0.0596590909091,0.112021857923,0.0869565217391,0.0795454545455,0.0739795918367,0.0644329896907,0.0298507462687,0.0708955223881,0.0373134328358,0.0485074626866,0.0522388059701,0.0317164179104,0.0522388059701,0.0764925373134,0.0541044776119,0.035447761194,0.0466417910448,0.0466417910448,0.0391791044776,0.0429104477612,0.0335820895522,0.0597014925373,0.0578358208955,0.0410447761194,0.10162601626,0.087962962963,0.0813008130081,0.0652173913043,0.10162601626,0.0952380952381
2JFU,0.0405904059041,0.0332103321033,0.0369003690037,0.0627306273063,0.0424354243542,0.0516605166052,0.0369003690037,0.0479704797048,0.0424354243542,0.0405904059041,0.0387453874539,0.0313653136531,0.0602409638554,0.0512048192771,0.0602409638554,0.0512048192771,0.0642458100559,0.0446927374302,0.0502793296089,0.0502793296089,0.0803571428571,0.0544871794872,0.0535714285714,0.0375939849624,0.0381679389313,0.0415019762846,0.0522388059701,1.0,0.0449438202247,0.0674157303371,0.0808270676692,0.0369003690037,0.0485074626866,0.0628415300546,0.0778894472362,0.0876288659794,0.0597826086957,0.0568181818182,0.068306010929,0.0407608695652,0.0795454545455,0.0892857142857,0.0618556701031,0.0369003690037,0.0553505535055,0.0369003690037,0.0405904059041,0.0350553505535,0.0424354243542,0.0590405904059,0.0405904059041,0.0405904059041,0.0405904059041,0.049815498155,0.0313653136531,0.0369003690037,0.0387453874539,0.0553505535055,0.0387453874539,0.0424354243542,0.0424354243542,0.0975609756098,0.101851851852,0.109756097561,0.0724637681159,0.0975609756098,0.0873015873016
2GZM,0.0337078651685,0.0355805243446,0.0411985018727,0.0505617977528,0.0393258426966,0.0393258426966,0.0299625468165,0.0355805243446,0.0393258426966,0.0299625468165,0.0374531835206,0.0468164794007,0.0481927710843,0.0632530120482,0.0542168674699,0.0512048192771,0.0614525139665,0.0474860335196,0.0474860335196,0.0530726256983,0.0714285714286,0.0576923076923,0.0456349206349,0.0375939849624,0.0419847328244,0.0316205533597,0.0524344569288,0.0449438202247,1.0,0.0374531835206,0.0451127819549,0.0337078651685,0.0393258426966,0.0901639344262,0.0653266331658,0.0463917525773,0.0570652173913,0.0909090909091,0.0710382513661,0.0516304347826,0.0511363636364,0.0612244897959,0.0489690721649,0.0280898876404,0.0505617977528,0.0430711610487,0.0337078651685,0.0318352059925,0.0337078651685,0.065543071161,0.0337078651685,0.0355805243446,0.0449438202247,0.0411985018727,0.0299625468165,0.0337078651685,0.0430711610487,0.0411985018727,0.0355805243446,0.0355805243446,0.0543071161049,0.0894308943089,0.0925925925926,0.105691056911,0.0652173913043,0.0894308943089,0.0793650793651
3ISV,0.0411985018727,0.0505617977528,0.0449438202247,0.0393258426966,0.063670411985,0.0411985018727,0.0449438202247,0.0430711610487,0.0543071161049,0.0524344569288,0.0449438202247,0.0430711610487,0.0542168674699,0.0753012048193,0.0572289156627,0.066265060241,0.0586592178771,0.0502793296089,0.0642458100559,0.0530726256983,0.0714285714286,0.0608974358974,0.031746031746,0.0357142857143,0.0343511450382,0.0355731225296,0.0262172284644,0.0674157303371,0.0374531835206,1.0,0.101503759398,0.0411985018727,0.0243445692884,0.0601092896175,0.0603015075377,0.0670103092784,0.0815217391304,0.0568181818182,0.0710382513661,0.0597826086957,0.0852272727273,0.0612244897959,0.0618556701031,0.0430711610487,0.0543071161049,0.0524344569288,0.0318352059925,0.0374531835206,0.0355805243446,0.0411985018727,0.0524344569288,0.0337078651685,0.0430711610487,0.0374531835206,0.0430711610487,0.0505617977528,0.0393258426966,0.0411985018727,0.0393258426966,0.0430711610487,0.0468164794007,0.0975609756098,0.0694444444444,0.10162601626,0.0652173913043,0.0731707317073,0.0793650793651
3HFR,0.046992481203,0.0413533834586,0.0357142857143,0.0582706766917,0.0394736842105,0.0432330827068,0.0507518796992,0.046992481203,0.0563909774436,0.046992481203,0.0375939849624,0.0338345864662,0.0873493975904,0.066265060241,0.0813253012048,0.0632530120482,0.0558659217877,0.0558659217877,0.0474860335196,0.0530726256983,0.0952380952381,0.0608974358974,0.0337301587302,0.031954887218,0.0362595419847,0.0454545454545,0.0432330827068,0.0808270676692,0.0451127819549,0.101503759398,1.0,0.0375939849624,0.0338345864662,0.0491803278689,0.0804020100503,0.0592783505155,0.0842391304348,0.0653409090909,0.0628415300546,0.0597826086957,0.0454545454545,0.0841836734694,0.0618556701031,0.0601503759398,0.046992481203,0.0394736842105,0.046992481203,0.0357142857143,0.0338345864662,0.0357142857143,0.0563909774436,0.0563909774436,0.0488721804511,0.0695488721805,0.0375939849624,0.0357142857143,0.0413533834586,0.0451127819549,0.0375939849624,0.0375939849624,0.0357142857143,0.0813008130081,0.106481481481,0.0934959349593,0.101449275362,0.0934959349593,0.0753968253968
2JFV,0.0387453874539,0.0332103321033,0.0332103321033,0.0387453874539,0.0461254612546,0.0313653136531,0.029520295203,0.0350553505535,0.0369003690037,0.049815498155,0.0350553505535,0.029520295203,0.0632530120482,0.0632530120482,0.0602409638554,0.0451807228916,0.0474860335196,0.0446927374302,0.0418994413408,0.0642458100559,0.0505952380952,0.0576923076923,0.031746031746,0.0338345864662,0.0362595419847,0.0395256916996,0.035447761194,0.0369003690037,0.0337078651685,0.0411985018727,0.0375939849624,1.0,0.0410447761194,0.0573770491803,0.0502512562814,0.0798969072165,0.0380434782609,0.0625,0.0737704918033,0.0407608695652,0.0710227272727,0.0510204081633,0.0618556701031,0.0516605166052,0.0332103321033,0.029520295203,0.0424354243542,0.0332103321033,0.029520295203,0.0350553505535,0.0350553505535,0.0332103321033,0.049815498155,0.0405904059041,0.0276752767528,0.0350553505535,0.0350553505535,0.0332103321033,0.0424354243542,0.0387453874539,0.0479704797048,0.0853658536585,0.101851851852,0.0772357723577,0.0688405797101,0.0813008130081,0.0674603174603
2OHO,0.0335820895522,0.0410447761194,0.0578358208955,0.0503731343284,0.0485074626866,0.0429104477612,0.0429104477612,0.0485074626866,0.0335820895522,0.0279850746269,0.0597014925373,0.0652985074627,0.0572289156627,0.078313253012,0.0903614457831,0.105421686747,0.0837988826816,0.0558659217877,0.0502793296089,0.0586592178771,0.0714285714286,0.0673076923077,0.0396825396825,0.0601503759398,0.0419847328244,0.0494071146245,0.0634328358209,0.0485074626866,0.0393258426966,0.0243445692884,0.0338345864662,0.0410447761194,1.0,0.0601092896175,0.072864321608,0.0618556701031,0.0516304347826,0.0454545454545,0.0765027322404,0.054347826087,0.0511363636364,0.0459183673469,0.0644329896907,0.0261194029851,0.0410447761194,0.0391791044776,0.0373134328358,0.0578358208955,0.0503731343284,0.0522388059701,0.0410447761194,0.0466417910448,0.0410447761194,0.0335820895522,0.0503731343284,0.0429104477612,0.0391791044776,0.0279850746269,0.0391791044776,0.0373134328358,0.0373134328358,0.105691056911,0.0925925925926,0.105691056911,0.0688405797101,0.154471544715,0.107142857143
1EP0,0.0601092896175,0.0901639344262,0.0546448087432,0.0601092896175,0.0437158469945,0.0655737704918,0.0491803278689,0.0546448087432,0.103825136612,0.0464480874317,0.133879781421,0.0765027322404,0.0692771084337,0.0451807228916,0.0542168674699,0.066265060241,0.0670391061453,0.0418994413408,0.0698324022346,0.0670391061453,0.0714285714286,0.0512820512821,0.0573770491803,0.0765027322404,0.0546448087432,0.0546448087432,0.0765027322404,0.0628415300546,0.0901639344262,0.0601092896175,0.0491803278689,0.0573770491803,0.0601092896175,1.0,0.0573770491803,0.0601092896175,0.0464480874317,0.0568181818182,0.0628415300546,0.117486338798,0.0397727272727,0.0546448087432,0.0655737704918,0.0655737704918,0.051912568306,0.0737704918033,0.0573770491803,0.103825136612,0.0737704918033,0.0737704918033,0.0819672131148,0.0874316939891,0.0737704918033,0.0792349726776,0.068306010929,0.0628415300546,0.051912568306,0.0546448087432,0.0601092896175,0.0546448087432,0.0628415300546,0.113821138211,0.134259259259,0.170731707317,0.0688405797101,0.10162601626,0.0555555555556
1PM7,0.0502512562814,0.0477386934673,0.0577889447236,0.0678391959799,0.0527638190955,0.0603015075377,0.0452261306533,0.0452261306533,0.0502512562814,0.0552763819095,0.0477386934673,0.0628140703518,0.0512048192771,0.0692771084337,0.0572289156627,0.066265060241,0.0586592178771,0.0586592178771,0.0502793296089,0.0474860335196,0.0714285714286,0.0897435897436,0.0326633165829,0.0778894472362,0.0477386934673,0.0502512562814,0.0829145728643,0.0778894472362,0.0653266331658,0.0603015075377,0.0804020100503,0.0502512562814,0.072864321608,0.0573770491803,1.0,0.0644329896907,0.054347826087,0.136363636364,0.0601092896175,0.0489130434783,0.0454545454545,0.0510204081633,0.0335051546392,0.0603015075377,0.070351758794,0.0628140703518,0.0502512562814,0.0879396984925,0.0628140703518,0.0628140703518,0.072864321608,0.0577889447236,0.0653266331658,0.0502512562814,0.0854271356784,0.0527638190955,0.0552763819095,0.070351758794,0.0603015075377,0.0804020100503,0.0552763819095,0.109756097561,0.0833333333333,0.0731707317073,0.0579710144928,0.105691056911,0.0674603174603
1NXM,0.0463917525773,0.0515463917526,0.0618556701031,0.0644329896907,0.0979381443299,0.0953608247423,0.0644329896907,0.0721649484536,0.0773195876289,0.0592783505155,0.0618556701031,0.0541237113402,0.0542168674699,0.0903614457831,0.0722891566265,0.0632530120482,0.0558659217877,0.0502793296089,0.0558659217877,0.0586592178771,0.0714285714286,0.0961538461538,0.0618556701031,0.0747422680412,0.0515463917526,0.0360824742268,0.0670103092784,0.0876288659794,0.0463917525773,0.0670103092784,0.0592783505155,0.0798969072165,0.0618556701031,0.0601092896175,0.0644329896907,1.0,0.0489130434783,0.0454545454545,0.051912568306,0.0434782608696,0.0369318181818,0.0489690721649,0.201030927835,0.0592783505155,0.0798969072165,0.0515463917526,0.0567010309278,0.0541237113402,0.0670103092784,0.0515463917526,0.0360824742268,0.113402061856,0.0618556701031,0.0644329896907,0.0618556701031,0.0463917525773,0.0489690721649,0.0515463917526,0.0412371134021,0.0541237113402,0.0618556701031,0.109756097561,0.0925925925926,0.0731707317073,0.0760869565217,0.121951219512,0.0833333333333
2IXK,0.0461956521739,0.0407608695652,0.100543478261,0.0625,0.0489130434783,0.0652173913043,0.0679347826087,0.0679347826087,0.0869565217391,0.054347826087,0.0815217391304,0.054347826087,0.0451807228916,0.0421686746988,0.0813253012048,0.0421686746988,0.072625698324,0.0474860335196,0.0614525139665,0.0698324022346,0.0625,0.0512820512821,0.0380434782609,0.0489130434783,0.0461956521739,0.0434782608696,0.070652173913,0.0597826086957,0.0570652173913,0.0815217391304,0.0842391304348,0.0380434782609,0.0516304347826,0.0464480874317,0.054347826087,0.0489130434783,1.0,0.0596590909091,0.0464480874317,0.0489130434783,0.0511363636364,0.0434782608696,0.0407608695652,0.0434782608696,0.0652173913043,0.0760869565217,0.0489130434783,0.0489130434783,0.070652173913,0.0434782608696,0.054347826087,0.0516304347826,0.054347826087,0.0461956521739,0.0788043478261,0.0679347826087,0.0516304347826,0.0407608695652,0.0570652173913,0.054347826087,0.0625,0.0650406504065,0.0787037037037,0.121951219512,0.0507246376812,0.0853658536585,0.103174603175
